idx	label	predict	radius	correct	time
0	3	3	0.748	1	0:11:04.051484
10	0	0	0.192	2	0:11:23.199152
20	7	7	0.475	3	0:11:26.742901
30	6	6	0.44	4	0:11:25.750501
40	4	4	0.631	5	0:11:27.495629
50	9	9	0.503	6	0:11:27.335395
60	7	7	0.953	7	0:11:28.320540
70	2	2	0.139	8	0:11:28.827627
80	8	8	0.814	9	0:11:26.925891
90	0	0	0.898	10	0:11:21.931254
100	4	-1	0.0	10	0:11:22.530945
110	4	4	0.811	11	0:11:26.361649
120	8	8	0.34	12	0:11:27.588421
130	4	4	0.452	13	0:11:26.742357
140	6	6	0.412	14	0:11:27.418624
150	8	8	0.953	15	0:11:28.279993
160	2	2	0.0755	16	0:11:26.933200
170	9	9	0.935	17	0:11:28.135408
180	0	0	0.898	18	0:11:26.059295
190	5	5	0.584	19	0:11:26.660138
200	5	3	0.137	19	0:11:24.444160
210	7	7	0.105	20	0:11:27.157493
220	7	7	0.657	21	0:11:25.887286
230	5	5	0.953	22	0:11:24.280910
240	1	1	0.953	23	0:11:25.566582
250	5	5	0.753	24	0:11:25.710318
260	8	8	0.573	25	0:11:25.697645
270	2	2	0.288	26	0:11:24.697042
280	9	9	0.768	27	0:11:25.836800
290	1	1	0.953	28	0:11:24.777632
300	6	6	0.953	29	0:11:25.213799
310	8	8	0.953	30	0:11:23.818482
320	3	3	0.766	31	0:11:25.076927
330	1	1	0.953	32	0:11:24.953288
340	2	-1	0.0	32	0:11:25.884649
350	9	9	0.953	33	0:11:25.647764
360	9	9	0.953	34	0:11:23.767690
370	4	4	0.275	35	0:11:23.851861
380	6	6	0.637	36	0:11:25.911580
390	1	1	0.953	37	0:11:24.394849
400	9	9	0.953	38	0:11:25.125232
410	7	7	0.953	39	0:11:26.578059
420	4	4	0.127	40	0:11:24.098230
430	2	2	0.304	41	0:11:25.523050
440	1	1	0.953	42	0:11:27.511665
450	2	2	0.881	43	0:11:33.678961
460	5	5	0.953	44	0:11:30.222000
470	3	3	0.285	45	0:11:27.872218
480	8	8	0.0447	46	0:11:28.900737
490	1	1	0.953	47	0:11:33.219233
1
500	4	-1	0.0	47	0:10:31.652704
510	5	5	0.953	48	0:10:31.311330
520	5	5	0.818	49	0:10:31.752078
530	9	9	0.953	50	0:10:31.683481
540	1	1	0.877	51	0:10:31.502149
